lastAccountName: F0GELL
timestamps:
  login: 1517169161355
  logout: 1517169221910
ipAddress: 74.113.55.35
logoutlocation:
  world: world
  x: 202.17317859919038
  y: 72.0
  z: 279.98048965265366
  yaw: -358.94955
  pitch: 16.050007
